0 0.36572265625 0.7437774524158126 0.0458984375 0.07613469985358712
0 0.27978515625 0.7437774524158126 0.0478515625 0.08784773060029283
0 0.31640625 0.7459736456808199 0.009765625 0.07759882869692533
0 0.390625 0.5944363103953147 0.017578125 0.12005856515373353
0 0.4130859375 0.5973645680819912 0.015625 0.11420204978038068
0 0.279296875 0.5651537335285506 0.0234375 0.08199121522693997
0 0.271484375 0.43191800878477304 0.05078125 0.12005856515373353
0 0.16064453125 0.4150805270863836 0.0595703125 0.12152269399707175
0 0.04150390625 0.40043923865300146 0.0654296875 0.13616398243045388
0 0.08544921875 0.24963396778916547 0.0654296875 0.13616398243045388
0 0.19580078125 0.2657393850658858 0.0654296875 0.13616398243045388
0 0.17626953125 0.11493411420204978 0.0615234375 0.1273792093704246
0 0.06201171875 0.08272327964860908 0.0615234375 0.1273792093704246
0 0.28125 0.14202049780380674 0.052734375 0.1054172767203514
0 0.3017578125 0.2862371888726208 0.0546875 0.1273792093704246
0 0.4052734375 0.30161054172767204 0.048828125 0.1259150805270864
0 0.3798828125 0.4407027818448024 0.048828125 0.1259150805270864
0 0.474609375 0.4546120058565154 0.046875 0.11566617862371889
0 0.17431640625 0.732796486090776 0.0869140625 0.09809663250366032
0 0.0869140625 0.732796486090776 0.013671875 0.08345534407027819
0 0.1162109375 0.7298682284040996 0.017578125 0.07759882869692533
0 0.06201171875 0.5512445095168375 0.0595703125 0.09224011713030747
0 0.2109375 0.020497803806734993 0.056640625 0.040995607613469986
0 0.3095703125 0.03587115666178624 0.044921875 0.07174231332357248
0 0.41162109375 0.048316251830161056 0.0439453125 0.09663250366032211
0 0.49951171875 0.06661786237188873 0.0439453125 0.10980966325036604
0 0.47705078125 0.18374816983894582 0.0439453125 0.10980966325036604
0 0.38623046875 0.1603221083455344 0.0439453125 0.10980966325036604
0 0.49755859375 0.32284040995607616 0.0439453125 0.10980966325036604
0 0.5703125 0.3931185944363104 0.025390625 0.0746705710102489
0 0.634765625 0.40483162518301613 0.025390625 0.0746705710102489
0 0.6943359375 0.4150805270863836 0.025390625 0.0746705710102489
0 0.6376953125 0.5234260614934114 0.025390625 0.0746705710102489
0 0.5732421875 0.5146412884333822 0.025390625 0.0746705710102489
0 0.6982421875 0.5351390922401171 0.025390625 0.0746705710102489
0 0.5751953125 0.7569546120058566 0.025390625 0.07613469985358712
0 0.642578125 0.7584187408491947 0.025390625 0.07613469985358712
0 0.7060546875 0.7569546120058566 0.025390625 0.07613469985358712
0 0.7509765625 0.4231332357247438 0.01953125 0.07320644216691069
0 0.8056640625 0.43191800878477304 0.01953125 0.07320644216691069
0 0.853515625 0.43923865300146414 0.01953125 0.07320644216691069
0 0.900390625 0.4480234260614934 0.01953125 0.07320644216691069
0 0.9453125 0.45827232796486095 0.01953125 0.07320644216691069
0 0.98828125 0.465592972181552 0.01953125 0.07320644216691069
0 0.8583984375 0.5490483162518301 0.01953125 0.07320644216691069
0 0.8095703125 0.5417276720351392 0.01953125 0.07320644216691069
0 0.9052734375 0.5563689604685212 0.01953125 0.07320644216691069
0 0.5712890625 0.2774524158125915 0.025390625 0.08345534407027819
0 0.634765625 0.2862371888726208 0.025390625 0.08345534407027819
0 0.69140625 0.30380673499267935 0.025390625 0.08345534407027819
0 0.6884765625 0.19619326500732065 0.021484375 0.08199121522693997
0 0.6318359375 0.1800878477306003 0.021484375 0.08199121522693997
0 0.5703125 0.16105417276720352 0.021484375 0.08199121522693997
0 0.74951171875 0.31551976573938506 0.0400390625 0.08638360175695461
0 0.80224609375 0.3301610541727672 0.0400390625 0.08638360175695461
0 0.84912109375 0.3389458272327965 0.0400390625 0.08638360175695461
0 0.89697265625 0.3506588579795022 0.0341796875 0.08638360175695461
0 0.93994140625 0.3623718887262079 0.0341796875 0.08638360175695461
0 0.98193359375 0.3726207906295754 0.0341796875 0.08638360175695461
0 0.73681640625 0.212298682284041 0.0244140625 0.05856515373352855
0 0.78466796875 0.22986822840409957 0.0244140625 0.05856515373352855
0 0.83154296875 0.24158125915080528 0.0244140625 0.05856515373352855
0 0.87744140625 0.25768667642752563 0.0244140625 0.05856515373352855
0 0.95849609375 0.28184480234260617 0.0205078125 0.05417276720351391
0 0.91943359375 0.2686676427525622 0.0205078125 0.05417276720351391
