0 0.35595703125 0.7321428571428572 0.0498046875 0.11945812807881774
0 0.20654296875 0.49938423645320196 0.0595703125 0.12192118226600986
0 0.20849609375 0.27832512315270935 0.0556640625 0.06157635467980296
0 0.35400390625 0.49938423645320196 0.0537109375 0.11945812807881774
0 0.35888671875 0.2850985221674877 0.0537109375 0.06527093596059114
0 0.51025390625 0.4981527093596059 0.0595703125 0.11945812807881774
0 0.5107421875 0.2838669950738916 0.0546875 0.0603448275862069
0 0.6494140625 0.500615763546798 0.05859375 0.1145320197044335
0 0.64990234375 0.2832512315270936 0.0556640625 0.06157635467980296
0 0.65625 0.8903940886699507 0.060546875 0.05665024630541872
0 0.65283203125 0.729679802955665 0.0517578125 0.12438423645320197
0 0.77392578125 0.28633004926108374 0.0498046875 0.0603448275862069
0 0.7841796875 0.5024630541871922 0.060546875 0.12315270935960591
0 0.7861328125 0.7321428571428572 0.05078125 0.1268472906403941
0 0.78857421875 0.8922413793103449 0.0517578125 0.0603448275862069
