0 0.8079427083333333 0.45654296875 0.09244791666666666 0.1357421875
0 0.015625 0.40869140625 0.03125 0.0634765625
0 0.05859375 0.52197265625 0.046875 0.0791015625
0 0.0859375 0.3994140625 0.05208333333333333 0.072265625
0 0.15299479166666666 0.51318359375 0.05078125 0.0888671875
0 0.177734375 0.38427734375 0.05859375 0.0693359375
0 0.26041666666666663 0.5048828125 0.057291666666666664 0.095703125
0 0.2805989583333333 0.37353515625 0.05598958333333333 0.0673828125
0 0.3587239583333333 0.48828125 0.06640625 0.115234375
0 0.37565104166666663 0.34423828125 0.05078125 0.0751953125
0 0.494140625 0.47412109375 0.06380208333333333 0.1240234375
0 0.501953125 0.322265625 0.07161458333333333 0.091796875
0 0.646484375 0.462890625 0.07942708333333333 0.12109375
0 0.6432291666666666 0.30322265625 0.06770833333333333 0.0927734375
0 0.794921875 0.2783203125 0.09244791666666666 0.08984375
0 0.9576822916666666 0.2578125 0.07942708333333333 0.09765625
0 0.9674479166666666 0.44091796875 0.05989583333333333 0.1455078125
0 0.966796875 0.13037109375 0.06380208333333333 0.0224609375
0 0.888671875 0.14404296875 0.06380208333333333 0.0224609375
0 0.6458333333333333 0.669921875 0.078125 0.126953125
0 0.48828125 0.673828125 0.078125 0.126953125
0 0.028645833333333332 0.6650390625 0.04427083333333333 0.09765625
0 0.12760416666666666 0.66796875 0.04427083333333333 0.09765625
0 0.248046875 0.6611328125 0.061197916666666664 0.091796875
0 0.5514322916666666 0.2119140625 0.04817708333333333 0.01171875
0 0.4954427083333333 0.220703125 0.061197916666666664 0.013671875
