0 0.13818359375 0.40885416666666663 0.0400390625 0.140625
0 0.2021484375 0.40104166666666663 0.046875 0.14322916666666666
0 0.3447265625 0.6490885416666666 0.05078125 0.16276041666666666
0 0.349609375 0.404296875 0.044921875 0.15234375
0 0.47900390625 0.40299479166666663 0.0498046875 0.15234375
0 0.51806640625 0.19921875 0.0673828125 0.06770833333333333
0 0.673828125 0.6549479166666666 0.0546875 0.1796875
0 0.671875 0.39908854166666663 0.056640625 0.15234375
0 0.82470703125 0.39518229166666663 0.0517578125 0.16015625
0 0.82861328125 0.6575520833333333 0.0419921875 0.17447916666666666
0 0.89599609375 0.3938802083333333 0.0634765625 0.16796875
0 0.904296875 0.6516927083333333 0.056640625 0.18880208333333331
0 0.19384765625 0.666015625 0.0419921875 0.17578125
0 0.49365234375 0.6770833333333333 0.1142578125 0.15625
0 0.537109375 0.40625 0.044921875 0.1484375
