0 0.255859375 0.5091145833333333 0.08984375 0.21614583333333331
0 0.27880859375 0.125 0.0791015625 0.09375
0 0.58349609375 0.3684895833333333 0.0537109375 0.09895833333333333
0 0.5791015625 0.19466145833333331 0.05078125 0.04036458333333333
0 0.59765625 0.654296875 0.060546875 0.16536458333333331
0 0.59912109375 0.9505208333333333 0.0556640625 0.09635416666666666
0 0.82763671875 0.27734375 0.0361328125 0.05208333333333333
0 0.8486328125 0.44205729166666663 0.041015625 0.09244791666666666
0 0.8857421875 0.6901041666666666 0.0546875 0.1328125
0 0.23046875 0.896484375 0.1484375 0.20442708333333331
