0 0.6572265625 0.7760416666666666 0.0390625 0.125
0 0.16064453125 0.7647569444444444 0.0263671875 0.0954861111111111
0 0.1689453125 0.6440972222222222 0.021484375 0.034722222222222224
0 0.193359375 0.7604166666666666 0.029296875 0.09027777777777778
0 0.2001953125 0.6397569444444444 0.017578125 0.043402777777777776
0 0.31396484375 0.6171875 0.0146484375 0.07465277777777778
0 0.33837890625 0.4487847222222222 0.0302734375 0.06770833333333333
0 0.369140625 0.5989583333333333 0.04296875 0.048611111111111105
0 0.369140625 0.790798611111111 0.04296875 0.09895833333333333
0 0.53173828125 0.5677083333333333 0.0517578125 0.10069444444444443
0 0.53662109375 0.3802083333333333 0.0419921875 0.08680555555555555
0 0.5400390625 0.7335069444444444 0.03515625 0.0642361111111111
0 0.7275390625 0.5416666666666666 0.0703125 0.12152777777777778
0 0.7080078125 0.7777777777777777 0.0390625 0.125
