0 0.1875 0.6270190895741556 0.064453125 0.08810572687224669
0 0.32861328125 0.6270190895741556 0.0712890625 0.09691629955947136
0 0.34765625 0.33700440528634357 0.080078125 0.11013215859030837
0 0.47216796875 0.630690161527166 0.0615234375 0.13656387665198236
0 0.48876953125 0.30616740088105726 0.0849609375 0.12187958883994125
0 0.62744140625 0.5374449339207048 0.1416015625 0.12922173274596183
0 0.62353515625 0.25917767988252566 0.0693359375 0.1013215859030837
0 0.72265625 0.237151248164464 0.095703125 0.11894273127753303
0 0.8251953125 0.21145374449339205 0.09375 0.11747430249632893
0 0.939453125 0.6027900146842878 0.1171875 0.18355359765051393
0 0.935546875 0.1894273127753304 0.103515625 0.12041116005873714
