0 0.07470703125 0.0849194729136164 0.1494140625 0.15519765739385066
0 0.06787109375 0.4868228404099561 0.1259765625 0.15080527086383602
0 0.2216796875 0.486090775988287 0.12890625 0.1698389458272328
0 0.2119140625 0.7247437774524158 0.140625 0.27232796486090777
0 0.06103515625 0.7284040995607614 0.1220703125 0.2796486090775988
0 0.7060546875 0.44363103953147875 0.119140625 0.21376281112737922
0 0.89453125 0.43191800878477304 0.208984375 0.19912152269399708
0 0.89501953125 0.7379209370424598 0.2080078125 0.34553440702781846
0 0.7158203125 0.7408491947291362 0.115234375 0.3396778916544656
0 0.6005859375 0.7284040995607614 0.0390625 0.31185944363103957
0 0.4091796875 0.7225475841874085 0.0859375 0.2913616398243045
0 0.328125 0.7093704245973645 0.0234375 0.28843338213762815
