0 0.0546875 0.2925445705024311 0.109375 0.45218800648298213
0 0.23095703125 0.3071312803889789 0.2451171875 0.44570502431118314
0 0.48291015625 0.30145867098865475 0.2509765625 0.4246353322528363
0 0.734375 0.30551053484602914 0.2421875 0.42949756888168555
0 0.92822265625 0.3111831442463533 0.1396484375 0.4278768233387358
0 0.05126953125 0.6410048622366288 0.1025390625 0.21880064829821716
0 0.42138671875 0.6499189627228524 0.1142578125 0.23987034035656402
0 0.54296875 0.6515397082658022 0.11328125 0.24959481361426256
0 0.671875 0.6547811993517018 0.115234375 0.2593192868719611
0 0.7900390625 0.6474878444084279 0.109375 0.23500810372771475
0 0.91552734375 0.6418152350081037 0.1123046875 0.23338735818476497
0 0.990234375 0.6312803889789302 0.017578125 0.20583468395461912
0 0.29345703125 0.6474878444084279 0.1142578125 0.23500810372771475
0 0.17138671875 0.646677471636953 0.1181640625 0.23987034035656402
