0 0.68798828125 0.5104166666666666 0.0693359375 0.22135416666666666
0 0.33349609375 0.5091145833333333 0.0322265625 0.12239583333333333
0 0.482421875 0.46354166666666663 0.025390625 0.041666666666666664
0 0.509765625 0.53125 0.015625 0.0546875
0 0.51171875 0.46484375 0.0078125 0.04427083333333333
0 0.482421875 0.5305989583333333 0.0234375 0.05859375
0 0.17626953125 0.3138020833333333 0.0185546875 0.049479166666666664
0 0.1513671875 0.3157552083333333 0.025390625 0.05859375
0 0.01513671875 0.41861979166666663 0.0244140625 0.05598958333333333
0 0.01953125 0.30729166666666663 0.02734375 0.028645833333333332
0 0.18701171875 0.48046875 0.0146484375 0.041666666666666664
