0 0.00390625 0.44921875 0.009765625 0.1171875
0 0.00390625 0.6276041666666666 0.009765625 0.12239583333333333
0 0.0048828125 0.8111979166666666 0.01171875 0.125
0 0.01806640625 0.9680989583333333 0.0380859375 0.05859375
0 0.02490234375 0.07486979166666666 0.0517578125 0.15234375
0 0.091796875 0.7975260416666666 0.046875 0.12630208333333331
0 0.10791015625 0.9602864583333333 0.0693359375 0.07421875
0 0.09765625 0.609375 0.044921875 0.12239583333333333
0 0.09716796875 0.4296875 0.0380859375 0.1171875
0 0.11669921875 0.2421875 0.0732421875 0.13802083333333331
0 0.12255859375 0.043619791666666664 0.0673828125 0.08984375
0 0.19921875 0.7923177083333333 0.04296875 0.12109375
0 0.20166015625 0.39908854166666663 0.0458984375 0.12109375
0 0.2060546875 0.5924479166666666 0.05078125 0.125
0 0.21728515625 0.9615885416666666 0.0732421875 0.07161458333333333
0 0.2333984375 0.029296875 0.0625 0.061197916666666664
0 0.330078125 0.18098958333333331 0.09375 0.14583333333333331
0 0.328125 0.9524739583333333 0.076171875 0.08984375
0 0.31982421875 0.5735677083333333 0.0556640625 0.13151041666666666
0 0.31982421875 0.775390625 0.0517578125 0.13151041666666666
0 0.318359375 0.380859375 0.048828125 0.11067708333333333
0 0.45361328125 0.9485677083333333 0.0966796875 0.09765625
0 0.439453125 0.3509114583333333 0.06640625 0.13151041666666666
0 0.4404296875 0.755859375 0.056640625 0.11848958333333333
0 0.4423828125 0.5462239583333333 0.060546875 0.13411458333333331
0 0.56982421875 0.32486979166666663 0.0732421875 0.14713541666666666
0 0.58544921875 0.9401041666666666 0.1005859375 0.11458333333333333
0 0.572265625 0.7376302083333333 0.064453125 0.13671875
0 0.58349609375 0.11458333333333333 0.0869140625 0.15104166666666666
0 0.57470703125 0.5234375 0.0693359375 0.1484375
0 0.71142578125 0.49609375 0.0849609375 0.15364583333333331
0 0.7109375 0.2884114583333333 0.078125 0.14192708333333331
0 0.7294921875 0.93359375 0.103515625 0.12760416666666666
0 0.71630859375 0.7233072916666666 0.0712890625 0.14453125
0 0.869140625 0.053385416666666664 0.10546875 0.109375
0 0.87353515625 0.24869791666666666 0.1083984375 0.15364583333333331
0 0.87353515625 0.4680989583333333 0.1044921875 0.15494791666666666
0 0.88134765625 0.697265625 0.1123046875 0.13411458333333331
0 0.88818359375 0.927734375 0.1123046875 0.13932291666666666
0 0.98486328125 0.220703125 0.0244140625 0.14192708333333331
0 0.9892578125 0.45768229166666663 0.015625 0.14192708333333331
0 0.9892578125 0.693359375 0.015625 0.13932291666666666
0 0.99072265625 0.8958333333333333 0.0126953125 0.0859375
