0 0.42138671875 0.4993489583333333 0.0498046875 0.16015625
0 0.0517578125 0.560546875 0.10546875 0.06901041666666666
0 0.05517578125 0.451171875 0.1064453125 0.07942708333333333
0 0.1181640625 0.4739583333333333 0.015625 0.049479166666666664
0 0.1982421875 0.4954427083333333 0.0625 0.11067708333333333
0 0.20361328125 0.357421875 0.0556640625 0.07942708333333333
0 0.201171875 0.6783854166666666 0.041015625 0.09375
0 0.29541015625 0.48893229166666663 0.0615234375 0.11588541666666666
0 0.298828125 0.3470052083333333 0.052734375 0.08463541666666666
0 0.43017578125 0.3606770833333333 0.0537109375 0.09114583333333333
0 0.42724609375 0.677734375 0.0439453125 0.10026041666666666
0 0.52490234375 0.513671875 0.0517578125 0.10546875
0 0.5234375 0.3828125 0.046875 0.08333333333333333
0 0.580078125 0.24674479166666666 0.013671875 0.024739583333333332
0 0.5830078125 0.2981770833333333 0.01171875 0.026041666666666664
0 0.6025390625 0.404296875 0.044921875 0.07682291666666666
0 0.6044921875 0.529296875 0.044921875 0.08984375
0 0.6025390625 0.6842447916666666 0.033203125 0.07421875
0 0.646484375 0.234375 0.05078125 0.0234375
0 0.63037109375 0.29361979166666663 0.0166015625 0.029947916666666664
0 0.669921875 0.421875 0.0390625 0.07291666666666666
0 0.67333984375 0.5325520833333333 0.0400390625 0.09375
0 0.66796875 0.28971354166666663 0.015625 0.03255208333333333
0 0.71484375 0.6888020833333333 0.046875 0.07552083333333333
0 0.73828125 0.22200520833333331 0.056640625 0.02734375
0 0.71875 0.2825520833333333 0.013671875 0.028645833333333332
0 0.76171875 0.27604166666666663 0.015625 0.028645833333333332
0 0.78662109375 0.5032552083333333 0.0185546875 0.07161458333333333
0 0.80419921875 0.3860677083333333 0.0439453125 0.06380208333333333
0 0.8115234375 0.6848958333333333 0.052734375 0.0859375
0 0.8076171875 0.5065104166666666 0.013671875 0.0703125
0 0.8115234375 0.271484375 0.015625 0.024739583333333332
0 0.83056640625 0.212890625 0.0537109375 0.029947916666666664
0 0.8544921875 0.2669270833333333 0.015625 0.03125
0 0.85693359375 0.326171875 0.0205078125 0.03255208333333333
0 0.86083984375 0.384765625 0.0185546875 0.03255208333333333
0 0.86083984375 0.44401041666666663 0.0146484375 0.0390625
0 0.865234375 0.5078125 0.015625 0.033854166666666664
0 0.86767578125 0.56640625 0.0205078125 0.028645833333333332
0 0.86865234375 0.6334635416666666 0.0126953125 0.029947916666666664
0 0.92333984375 0.20052083333333331 0.0595703125 0.0390625
0 0.90576171875 0.2630208333333333 0.0166015625 0.028645833333333332
0 0.91064453125 0.3216145833333333 0.0224609375 0.020833333333333332
0 0.91259765625 0.3821614583333333 0.0185546875 0.02734375
0 0.91552734375 0.4388020833333333 0.0166015625 0.0390625
0 0.91796875 0.5032552083333333 0.01953125 0.029947916666666664
0 0.92041015625 0.564453125 0.0166015625 0.037760416666666664
0 0.92138671875 0.6321614583333333 0.0146484375 0.02734375
0 0.9248046875 0.6953125 0.01953125 0.0234375
0 0.9501953125 0.255859375 0.017578125 0.03515625
0 0.95166015625 0.314453125 0.0166015625 0.03515625
0 0.9560546875 0.37565104166666663 0.015625 0.03515625
0 0.9609375 0.44010416666666663 0.013671875 0.03125
0 0.96435546875 0.5 0.0205078125 0.03645833333333333
0 0.96630859375 0.5618489583333333 0.0185546875 0.03515625
0 0.97119140625 0.6920572916666666 0.0166015625 0.03255208333333333
