0 0.05419921875 0.7447916666666666 0.0146484375 0.15625
0 0.0888671875 0.7395833333333333 0.01953125 0.16927083333333331
0 0.1298828125 0.7408854166666666 0.0234375 0.18489583333333331
0 0.2802734375 0.4388020833333333 0.048828125 0.16666666666666666
0 0.44482421875 0.7174479166666666 0.0478515625 0.23958333333333331
0 0.4951171875 0.3671875 0.0703125 0.18229166666666666
0 0.541015625 0.7135416666666666 0.056640625 0.2630208333333333
0 0.7724609375 0.7259114583333333 0.013671875 0.25651041666666663
0 0.77685546875 0.375 0.0283203125 0.1875
0 0.80810546875 0.7369791666666666 0.0185546875 0.22395833333333331
0 0.86376953125 0.455078125 0.0126953125 0.07161458333333333
