0 0.1923828125 0.931918008784773 0.060546875 0.13323572474377746
0 0.19873046875 0.1815519765739385 0.0380859375 0.1376281112737921
0 0.24951171875 0.22620790629575405 0.0400390625 0.14494875549048317
0 0.1904296875 0.5483162518301611 0.046875 0.2445095168374817
0 0.25439453125 0.5915080527086384 0.0478515625 0.2225475841874085
0 0.2705078125 0.9428989751098097 0.056640625 0.11127379209370425
0 0.580078125 0.7657393850658858 0.078125 0.19619326500732065
0 0.728515625 0.8704245973645681 0.072265625 0.1800878477306003
0 0.9052734375 0.9333821376281113 0.060546875 0.10102489019033675
0 0.83154296875 0.6405563689604685 0.0400390625 0.11273792093704246
0 0.87353515625 0.5 0.0517578125 0.06881405563689605
0 0.7568359375 0.4011713030746706 0.0546875 0.07320644216691069
0 0.95654296875 0.7371888726207907 0.0439453125 0.11566617862371889
0 0.67041015625 0.5263543191800879 0.0478515625 0.10688140556368961
