0 0.10693359375 0.641193595342067 0.0693359375 0.22561863173216887
0 0.611328125 0.6448326055312955 0.0703125 0.20960698689956334
0 0.82958984375 0.5393013100436681 0.0185546875 0.10043668122270742
0 0.83251953125 0.7190684133915576 0.0341796875 0.11935953420669579
0 0.88623046875 0.35662299854439594 0.0458984375 0.16011644832605532
0 0.8876953125 0.5189228529839883 0.0390625 0.1324599708879185
0 0.96142578125 0.27292576419213976 0.0322265625 0.14992721979621543
0 0.96240234375 0.4847161572052402 0.0283203125 0.13100436681222707
0 0.36083984375 0.5873362445414847 0.0908203125 0.07423580786026202
0 0.33349609375 0.7496360989810772 0.0341796875 0.18922852983988356
0 0.38525390625 0.7489082969432315 0.0341796875 0.19068413391557498
0 0.42578125 0.7547307132459972 0.009765625 0.20232896652110627
0 0.29541015625 0.7554585152838428 0.0126953125 0.2037845705967977
0 0.42431640625 0.5982532751091704 0.0107421875 0.055312954876273655
0 0.29638671875 0.5997088791848617 0.0126953125 0.049490538573508006
0 0.97021484375 0.7285298398835517 0.0517578125 0.1557496360989811
0 0.8916015625 0.7256186317321689 0.037109375 0.14992721979621543
