0 0.072265625 0.6944444444444444 0.09765625 0.14035087719298245
0 0.03955078125 0.4619883040935672 0.0791015625 0.1695906432748538
0 0.17333984375 0.4685672514619883 0.0751953125 0.15350877192982454
0 0.15234375 0.18128654970760233 0.04296875 0.05555555555555555
0 0.220703125 0.2850877192982456 0.05859375 0.0847953216374269
0 0.25390625 0.195906432748538 0.03125 0.029239766081871343
0 0.28125 0.47002923976608185 0.06640625 0.1564327485380117
0 0.3154296875 0.28581871345029236 0.0625 0.08333333333333333
0 0.33837890625 0.19883040935672514 0.0341796875 0.02631578947368421
0 0.36328125 0.7017543859649122 0.07421875 0.15497076023391812
0 0.39501953125 0.47441520467836257 0.0576171875 0.14766081871345027
0 0.4130859375 0.2894736842105263 0.04296875 0.09064327485380116
0 0.49951171875 0.702485380116959 0.0673828125 0.1593567251461988
0 0.49853515625 0.47368421052631576 0.0439453125 0.15204678362573099
0 0.49951171875 0.2894736842105263 0.0380859375 0.07894736842105263
0 0.587890625 0.2902046783625731 0.04296875 0.08333333333333333
0 0.60546875 0.47368421052631576 0.056640625 0.15497076023391812
0 0.6357421875 0.7076023391812865 0.0703125 0.14619883040935672
0 0.68212890625 0.2887426900584795 0.0517578125 0.07748538011695906
0 0.71875 0.47295321637426896 0.076171875 0.1593567251461988
0 0.77978515625 0.29166666666666663 0.0498046875 0.07163742690058479
0 0.8408203125 0.4714912280701754 0.107421875 0.1593567251461988
0 0.8876953125 0.19736842105263158 0.052734375 0.049707602339181284
0 0.93603515625 0.712719298245614 0.1025390625 0.14766081871345027
0 0.97021484375 0.4371345029239766 0.0556640625 0.14327485380116958
0 0.23388671875 0.6644736842105263 0.0810546875 0.06578947368421052
0 0.76806640625 0.6739766081871345 0.0908203125 0.06725146198830409
0 0.42431640625 0.19736842105263158 0.0341796875 0.02631578947368421
0 0.49951171875 0.19736842105263158 0.0341796875 0.02631578947368421
0 0.75341796875 0.1915204678362573 0.0341796875 0.02631578947368421
0 0.57666015625 0.19736842105263158 0.0341796875 0.02631578947368421
0 0.66455078125 0.19298245614035087 0.0341796875 0.02631578947368421
