0 0.13541666666666666 0.60595703125 0.09375 0.1259765625
0 0.16796875 0.333984375 0.09375 0.115234375
0 0.189453125 0.1416015625 0.08463541666666666 0.095703125
0 0.19791666666666666 0.02197265625 0.09114583333333333 0.0439453125
0 0.3665364583333333 0.3603515625 0.08203125 0.10546875
0 0.3671875 0.17822265625 0.07552083333333333 0.0966796875
0 0.3704427083333333 0.03955078125 0.07421875 0.0791015625
0 0.5182291666666666 0.08056640625 0.05989583333333333 0.0732421875
0 0.5397135416666666 0.3828125 0.07421875 0.087890625
0 0.5247395833333333 0.20751953125 0.057291666666666664 0.0888671875
0 0.6529947916666666 0.1181640625 0.061197916666666664 0.080078125
0 0.6608072916666666 0.24169921875 0.061197916666666664 0.0771484375
0 0.689453125 0.40283203125 0.07421875 0.0791015625
0 0.751953125 0.77880859375 0.07161458333333333 0.0615234375
0 0.7532552083333333 0.05322265625 0.045572916666666664 0.0595703125
0 0.7688802083333333 0.14990234375 0.05598958333333333 0.0673828125
0 0.7779947916666666 0.2626953125 0.06380208333333333 0.068359375
0 0.814453125 0.41845703125 0.06380208333333333 0.0791015625
0 0.8470052083333333 0.619140625 0.07161458333333333 0.09375
0 0.8567708333333333 0.017578125 0.033854166666666664 0.03515625
0 0.8717447916666666 0.76513671875 0.07161458333333333 0.0576171875
0 0.8717447916666666 0.0927734375 0.045572916666666664 0.056640625
0 0.8919270833333333 0.1875 0.049479166666666664 0.068359375
0 0.9264322916666666 0.03466796875 0.045572916666666664 0.0556640625
0 0.9264322916666666 0.30224609375 0.03255208333333333 0.0654296875
0 0.9446614583333333 0.11669921875 0.04036458333333333 0.0517578125
0 0.9674479166666666 0.20703125 0.05989583333333333 0.06640625
0 0.96875 0.30810546875 0.046875 0.0634765625
0 0.9720052083333333 0.44580078125 0.05078125 0.1025390625
0 0.978515625 0.61376953125 0.037760416666666664 0.0908203125
