0 0.51318359375 0.3966992665036675 0.0810546875 0.1234718826405868
0 0.49169921875 0.1265281173594132 0.0458984375 0.0745721271393643
0 0.4931640625 0.2506112469437653 0.048828125 0.08312958435207823
0 0.49658203125 0.539119804400978 0.0439453125 0.09290953545232274
0 0.4990234375 0.6797066014669927 0.046875 0.09046454767726161
0 0.501953125 0.8190709046454767 0.044921875 0.08801955990220049
0 0.50439453125 0.9590464547677262 0.0400390625 0.07701711491442542
0 0.55224609375 0.12530562347188265 0.0498046875 0.07701711491442542
0 0.5537109375 0.3991442542787286 0.046875 0.08190709046454768
0 0.55224609375 0.25244498777506114 0.0419921875 0.07701711491442542
0 0.556640625 0.53239608801956 0.04296875 0.07946210268948656
0 0.55859375 0.6729828850855746 0.04296875 0.0843520782396088
0 0.56494140625 0.8117359413202934 0.0478515625 0.08801955990220049
0 0.56787109375 0.9553789731051344 0.0458984375 0.08190709046454768
0 0.64404296875 0.12591687041564792 0.0498046875 0.07823960880195599
0 0.6435546875 0.25488997555012227 0.04296875 0.07946210268948656
0 0.6455078125 0.39731051344743273 0.0390625 0.08068459657701711
0 0.6474609375 0.5299511002444988 0.04296875 0.0843520782396088
0 0.6494140625 0.6687041564792175 0.044921875 0.08068459657701711
0 0.65087890625 0.8062347188264058 0.0419921875 0.08924205378973105
0 0.65771484375 0.9449877750611246 0.0380859375 0.07579462102689487
0 0.69970703125 0.1295843520782396 0.0458984375 0.07579462102689487
0 0.69921875 0.39364303178484106 0.04296875 0.08312958435207823
0 0.701171875 0.2530562347188264 0.044921875 0.07579462102689487
0 0.703125 0.5299511002444988 0.048828125 0.0843520782396088
0 0.70751953125 0.6668704156479217 0.0458984375 0.08190709046454768
0 0.7119140625 0.9431540342298288 0.044921875 0.08924205378973105
0 0.71240234375 0.8019559902200489 0.0419921875 0.07823960880195599
0 0.7744140625 0.12530562347188265 0.044921875 0.0745721271393643
0 0.7802734375 0.3930317848410758 0.044921875 0.0843520782396088
0 0.78076171875 0.24877750611246943 0.0439453125 0.0745721271393643
0 0.7841796875 0.5244498777506112 0.046875 0.08801955990220049
0 0.78466796875 0.660757946210269 0.0380859375 0.07701711491442542
0 0.78759765625 0.9297066014669927 0.0400390625 0.08190709046454768
0 0.7900390625 0.793398533007335 0.04296875 0.07823960880195599
0 0.82958984375 0.1234718826405868 0.0419921875 0.07090464547677261
0 0.833984375 0.39486552567237165 0.04296875 0.08557457212713937
0 0.8349609375 0.25183374083129584 0.041015625 0.08068459657701711
0 0.83935546875 0.5232273838630807 0.0400390625 0.08068459657701711
0 0.83984375 0.6625916870415648 0.041015625 0.08068459657701711
0 0.8447265625 0.7885085574572127 0.037109375 0.08557457212713937
0 0.84912109375 0.9266503667481663 0.0400390625 0.08801955990220049
0 0.90625 0.132640586797066 0.041015625 0.07701711491442542
0 0.90966796875 0.24877750611246943 0.0478515625 0.0745721271393643
0 0.91015625 0.3856968215158924 0.041015625 0.08679706601466992
0 0.91455078125 0.5183374083129584 0.0361328125 0.08068459657701711
0 0.91845703125 0.6503667481662592 0.0419921875 0.08312958435207823
0 0.9208984375 0.7836185819070904 0.0390625 0.08557457212713937
0 0.92724609375 0.9199266503667481 0.0380859375 0.08679706601466992
0 0.9580078125 0.1295843520782396 0.046875 0.07090464547677261
0 0.962890625 0.3899755501222494 0.04296875 0.08068459657701711
0 0.96240234375 0.24938875305623473 0.0380859375 0.07579462102689487
0 0.96630859375 0.5140586797066015 0.0380859375 0.07701711491442542
0 0.9658203125 0.6460880195599022 0.03515625 0.08190709046454768
0 0.97314453125 0.7781173594132029 0.0361328125 0.08679706601466992
0 0.97607421875 0.9138141809290954 0.0419921875 0.08924205378973105
