0 0.8579881656804733 0.24267578125 0.07692307692307693 0.3349609375
0 0.2034023668639053 0.837890625 0.03106508875739645 0.2265625
0 0.21819526627218935 0.48779296875 0.016272189349112426 0.2001953125
0 0.3195266272189349 0.822265625 0.026627218934911243 0.244140625
0 0.33210059171597633 0.447265625 0.02514792899408284 0.220703125
0 0.33727810650887574 0.10693359375 0.029585798816568046 0.2138671875
0 0.46449704142011833 0.806640625 0.03550295857988166 0.2734375
0 0.47411242603550297 0.06787109375 0.028106508875739643 0.1357421875
0 0.47411242603550297 0.3916015625 0.028106508875739643 0.25
0 0.6316568047337278 0.02783203125 0.05917159763313609 0.0556640625
0 0.6390532544378698 0.326171875 0.04437869822485207 0.28515625
0 0.639792899408284 0.78759765625 0.04585798816568047 0.3037109375
0 0.8786982248520709 0.76806640625 0.06804733727810651 0.3466796875
