0 0.3994140625 0.612094395280236 0.107421875 0.2831858407079646
0 0.09130859375 0.03761061946902655 0.1552734375 0.0752212389380531
0 0.162109375 0.40929203539823006 0.255859375 0.3053097345132743
0 0.27197265625 0.21460176991150443 0.1259765625 0.19321533923303835
0 0.3291015625 0.11430678466076696 0.08984375 0.12831858407079647
0 0.36669921875 0.047935103244837754 0.0595703125 0.09292035398230089
0 0.42822265625 0.387905604719764 0.0810546875 0.16814159292035397
0 0.4384765625 0.24188790560471976 0.052734375 0.10619469026548672
0 0.447265625 0.17404129793510326 0.044921875 0.10029498525073746
0 0.455078125 0.10988200589970501 0.037109375 0.0663716814159292
0 0.515625 0.2028023598820059 0.03125 0.06342182890855458
0 0.52294921875 0.2691740412979351 0.0380859375 0.08702064896755163
0 0.53369140625 0.36209439528023596 0.0458984375 0.11651917404129794
0 0.55419921875 0.5117994100294985 0.0654296875 0.16814159292035397
0 0.576171875 0.7352507374631269 0.083984375 0.252212389380531
0 0.626953125 0.4800884955752212 0.044921875 0.10766961651917403
0 0.65869140625 0.6261061946902655 0.0654296875 0.16371681415929204
0 0.71142578125 0.8458702064896755 0.0810546875 0.19911504424778761
0 0.5966796875 0.3687315634218289 0.025390625 0.061946902654867256
0 0.583984375 0.29646017699115046 0.021484375 0.04129793510324484
