0 0.29443359375 0.6940104166666666 0.0478515625 0.140625
0 0.29833984375 0.4759114583333333 0.0498046875 0.12890625
0 0.40087890625 0.47526041666666663 0.0517578125 0.13541666666666666
0 0.39990234375 0.6940104166666666 0.0478515625 0.12760416666666666
0 0.404296875 0.287109375 0.041015625 0.05598958333333333
0 0.513671875 0.47330729166666663 0.048828125 0.14192708333333331
0 0.6298828125 0.470703125 0.048828125 0.13932291666666666
0 0.63330078125 0.6985677083333333 0.0458984375 0.14192708333333331
0 0.64990234375 0.2845052083333333 0.0400390625 0.06380208333333333
0 0.7412109375 0.470703125 0.048828125 0.13151041666666666
0 0.7451171875 0.693359375 0.05078125 0.14192708333333331
0 0.513671875 0.673828125 0.04296875 0.02734375
