0 0.05810546875 0.035807291666666664 0.0458984375 0.05598958333333333
0 0.24267578125 0.035807291666666664 0.0458984375 0.05598958333333333
0 0.30322265625 0.037109375 0.0458984375 0.05598958333333333
0 0.36376953125 0.0390625 0.0458984375 0.05989583333333333
0 0.42529296875 0.04036458333333333 0.0458984375 0.05989583333333333
0 0.4248046875 0.19401041666666666 0.04296875 0.046875
0 0.36474609375 0.18880208333333331 0.0458984375 0.05208333333333333
0 0.23974609375 0.3372395833333333 0.0458984375 0.05208333333333333
0 0.30322265625 0.3359375 0.0458984375 0.05208333333333333
0 0.36279296875 0.3359375 0.0458984375 0.05208333333333333
0 0.4248046875 0.33203125 0.044921875 0.0625
0 0.115234375 0.3255208333333333 0.044921875 0.0625
0 0.17578125 0.32682291666666663 0.044921875 0.0625
0 0.1787109375 0.17838541666666666 0.044921875 0.0625
0 0.23828125 0.18098958333333331 0.044921875 0.0625
0 0.119140625 0.18098958333333331 0.044921875 0.0625
0 0.0546875 0.1796875 0.044921875 0.0625
