0 0.08642578125 0.5230414746543779 0.0166015625 0.07219662058371736
0 0.09375 0.7542242703533026 0.021484375 0.0706605222734255
0 0.11572265625 0.521505376344086 0.0185546875 0.07834101382488479
0 0.12060546875 0.761136712749616 0.0185546875 0.0629800307219662
0 0.14501953125 0.5199692780337941 0.0205078125 0.07834101382488479
0 0.14453125 0.7657450076804916 0.015625 0.08141321044546851
0 0.236328125 0.6351766513056836 0.0234375 0.08448540706605223
0 0.23681640625 0.510752688172043 0.0244140625 0.07834101382488479
0 0.23828125 0.7419354838709677 0.021484375 0.04608294930875576
0 0.26025390625 0.5184331797235023 0.0224609375 0.08755760368663594
0 0.26416015625 0.7450076804915514 0.0244140625 0.04915514592933948
0 0.2626953125 0.6374807987711214 0.017578125 0.06758832565284179
0 0.28955078125 0.5207373271889401 0.0244140625 0.08294930875576037
0 0.28955078125 0.7496159754224271 0.0205078125 0.04915514592933948
0 0.291015625 0.6405529953917051 0.021484375 0.07373271889400922
0 0.31689453125 0.5199692780337941 0.0224609375 0.07834101382488479
0 0.32177734375 0.7450076804915514 0.0283203125 0.04915514592933948
0 0.3193359375 0.6451612903225806 0.017578125 0.07987711213517665
0 0.345703125 0.6428571428571429 0.02734375 0.07526881720430108
0 0.34521484375 0.521505376344086 0.0224609375 0.08141321044546851
0 0.34619140625 0.7496159754224271 0.0185546875 0.039938556067588324
0 0.55859375 0.521505376344086 0.025390625 0.09370199692780339
0 0.56103515625 0.6536098310291859 0.0263671875 0.08448540706605223
0 0.56103515625 0.7711213517665131 0.0244140625 0.05222734254992319
0 0.59130859375 0.5230414746543779 0.0263671875 0.0967741935483871
0 0.59375 0.6559139784946236 0.025390625 0.09523809523809523
0 0.5947265625 0.7703533026113671 0.0234375 0.05069124423963134
0 0.6259765625 0.6566820276497696 0.02734375 0.08755760368663594
0 0.6279296875 0.5253456221198156 0.025390625 0.0890937019969278
0 0.62890625 0.7795698924731183 0.025390625 0.053763440860215055
0 0.6591796875 0.6566820276497696 0.025390625 0.10291858678955453
0 0.66064453125 0.5230414746543779 0.0244140625 0.08755760368663594
0 0.66357421875 0.782642089093702 0.0224609375 0.0629800307219662
0 0.689453125 0.5245775729646698 0.0234375 0.08755760368663594
0 0.69091796875 0.6582181259600615 0.0205078125 0.09062980030721966
0 0.6923828125 0.783410138248848 0.017578125 0.05222734254992319
0 0.7509765625 0.5284178187403994 0.029296875 0.09216589861751152
0 0.75244140625 0.8164362519201229 0.0283203125 0.06912442396313365
0 0.79052734375 0.532258064516129 0.0302734375 0.09984639016897082
0 0.79443359375 0.8179723502304147 0.0283203125 0.06912442396313365
0 0.83056640625 0.5314900153609831 0.0341796875 0.10138248847926268
0 0.83203125 0.8241167434715821 0.033203125 0.07834101382488479
