0 0.5078125 0.6061197916666666 0.685546875 0.7825520833333333
0 0.89013671875 0.6282552083333333 0.0146484375 0.061197916666666664
0 0.89306640625 0.98046875 0.0126953125 0.033854166666666664
0 0.89404296875 0.74609375 0.0126953125 0.05989583333333333
0 0.896484375 0.873046875 0.013671875 0.061197916666666664
0 0.9111328125 0.9778645833333333 0.0234375 0.0390625
0 0.912109375 0.6328125 0.01171875 0.05989583333333333
0 0.91455078125 0.7545572916666666 0.0126953125 0.06380208333333333
0 0.91796875 0.8717447916666666 0.015625 0.05859375
0 0.93115234375 0.9830729166666666 0.0146484375 0.028645833333333332
0 0.935546875 0.6373697916666666 0.013671875 0.061197916666666664
0 0.9375 0.7571614583333333 0.017578125 0.06901041666666666
0 0.94677734375 0.8743489583333333 0.0166015625 0.061197916666666664
0 0.9521484375 0.982421875 0.01953125 0.029947916666666664
0 0.95556640625 0.6438802083333333 0.0166015625 0.05598958333333333
0 0.9580078125 0.7604166666666666 0.015625 0.06770833333333333
0 0.9638671875 0.87890625 0.01953125 0.0625
0 0.9716796875 0.984375 0.01953125 0.026041666666666664
